"""Auto-rig converter: Unity Humanoid / Mixamo -> XML2 IGB skeleton.

Converts a Blender armature from Unity Humanoid or Mixamo bone naming to the
XML2 "Bip01" skeleton convention. After conversion, the armature has all the
custom properties needed by the from-scratch skin exporter (skin_export.py).

Usage:
    from igb_blender.actor.rig_converter import convert_rig
    result = convert_rig(armature_obj, profile='AUTO')
    # result = {'success': True, 'mapped': 30, 'added': 5, 'removed': 12}
"""

import json
from typing import Dict, List, Optional, Tuple

# ============================================================================
# XML2 Target Skeleton Definition (35 bones)
# ============================================================================

# Each entry: (name, index, parent_idx, bm_idx, flags)
# Non-deforming bones have bm_idx = -1
XML2_SKELETON = [
    ("",                       0,  -1,  -1, 0x40),  # unnamed root
    ("Bip01",                  1,   0,  -1, 0x02),
    ("Bip01 Pelvis",           2,   1,   0, 0x02),
    ("Bip01 Spine",            3,   2,   1, 0x02),
    ("Bip01 Spine1",           4,   3,   2, 0x02),
    ("Bip01 Spine2",           5,   4,   3, 0x02),
    ("Bip01 Neck",             6,   5,   4, 0x02),
    ("Bip01 Head",             7,   6,   5, 0x02),
    ("Bip01 Ponytail1",        8,   7,   6, 0x02),
    ("Bip01 Ponytail11",       9,   8,   7, 0x02),
    ("Bip01 L Clavicle",      10,   6,   8, 0x02),
    ("Bip01 L UpperArm",      11,  10,   9, 0x02),
    ("Bip01 L Forearm",        12,  11,  10, 0x02),
    ("Bip01 L Hand",           13,  12,  11, 0x02),
    ("Bip01 L Finger0",        14,  13,  12, 0x02),
    ("Bip01 L Finger01",       15,  14,  13, 0x02),
    ("Bip01 L Finger1",        16,  13,  14, 0x02),
    ("Bip01 L Finger11",       17,  16,  15, 0x02),
    ("Bip01 R Clavicle",      18,   6,  16, 0x02),
    ("Bip01 R UpperArm",      19,  18,  17, 0x02),
    ("Bip01 R Forearm",        20,  19,  18, 0x02),
    ("Bip01 R Hand",           21,  20,  19, 0x02),
    ("Bip01 R Finger0",        22,  21,  20, 0x02),
    ("Bip01 R Finger01",       23,  22,  21, 0x02),
    ("Bip01 R Finger1",        24,  21,  22, 0x02),
    ("Bip01 R Finger11",       25,  24,  23, 0x02),
    ("Bip01 L Thigh",          26,   3,  24, 0x02),
    ("Bip01 L Calf",           27,  26,  25, 0x02),
    ("Bip01 L Foot",           28,  27,  26, 0x02),
    ("Bip01 L Toe0",           29,  28,  27, 0x02),
    ("Bip01 R Thigh",          30,   3,  28, 0x02),
    ("Bip01 R Calf",           31,  30,  29, 0x02),
    ("Bip01 R Foot",           32,  31,  30, 0x02),
    ("Bip01 R Toe0",           33,  32,  31, 0x02),
    ("Motion",                 34,   0,  -1, 0x42),
]

# Set of all XML2 bone names (for quick lookup)
XML2_BONE_NAMES = {entry[0] for entry in XML2_SKELETON}

# Joint count = number of deforming bones (bm_idx >= 0)
XML2_JOINT_COUNT = sum(1 for _, _, _, bm, _ in XML2_SKELETON if bm >= 0)


# ============================================================================
# MUA Extended Skeleton (XML2 base + FX bones)
# ============================================================================
# FX bones are non-deforming effect attachment points used by MUA's engine.
# The engine looks up bones by name to attach particles, weapon visuals, and
# scripted effects. All parented to Bip01 by default — users can reparent
# in Blender for per-character customization.

# (name, parent_name, bm_idx, flags)
MUA_FX_BONES = [
    ("Gun1", "Bip01", -1, 0x02),
    ("fx01", "Bip01", -1, 0x02),
    ("fx02", "Bip01", -1, 0x02),
    ("fx03", "Bip01", -1, 0x02),
    ("fx04", "Bip01", -1, 0x02),
    ("fx05", "Bip01", -1, 0x02),
    ("fx06", "Bip01", -1, 0x02),
    ("fx07", "Bip01", -1, 0x02),
    ("fx08", "Bip01", -1, 0x02),
    ("fx09", "Bip01", -1, 0x02),
    ("fx10", "Bip01", -1, 0x02),
    ("fx11", "Bip01", -1, 0x02),
    ("fx12", "Bip01", -1, 0x02),
    ("fx13", "Bip01", -1, 0x02),
]

MUA_FX_BONE_NAMES = {name for name, _, _, _ in MUA_FX_BONES}

# Build MUA_SKELETON = XML2_SKELETON + FX bones (auto-indexed)
def _build_mua_skeleton():
    """Build MUA skeleton by appending FX bones to XML2 skeleton."""
    # Start with XML2 base
    skeleton = list(XML2_SKELETON)
    # Build name→index lookup from XML2
    name_to_idx = {entry[0]: entry[1] for entry in XML2_SKELETON}
    next_idx = len(XML2_SKELETON)
    for fx_name, parent_name, bm_idx, flags in MUA_FX_BONES:
        parent_idx = name_to_idx.get(parent_name, 0)
        skeleton.append((fx_name, next_idx, parent_idx, bm_idx, flags))
        name_to_idx[fx_name] = next_idx
        next_idx += 1
    return skeleton

MUA_SKELETON = _build_mua_skeleton()
MUA_BONE_NAMES = {entry[0] for entry in MUA_SKELETON}
MUA_JOINT_COUNT = sum(1 for _, _, _, bm, _ in MUA_SKELETON if bm >= 0)  # = 32 (same as XML2)


def get_skeleton_for_game(game: str):
    """Return the skeleton definition for the specified target game.

    Args:
        game: 'XML2' or 'MUA'

    Returns:
        List of (name, index, parent_idx, bm_idx, flags) tuples.
    """
    if game == 'MUA':
        return MUA_SKELETON
    return XML2_SKELETON


def get_bone_names_for_game(game: str):
    """Return set of bone names for the specified target game."""
    if game == 'MUA':
        return MUA_BONE_NAMES
    return XML2_BONE_NAMES


# ============================================================================
# Universal Bone Name Normalization (CATS-style)
# ============================================================================
# Adapts the normalization approach from the CATS Blender Plugin to
# standardize bone names from ANY rig format before matching against aliases.

# Prefixes stripped during normalization (order matters — first match wins)
_STRIP_PREFIXES = [
    ('ValveBiped_', ''), ('Valvebiped_', ''),
    ('Bip1_', 'Bip_'), ('Bip01_', 'Bip_'), ('Bip001_', 'Bip_'),
    ('Bip02_', 'Bip_'), ('Bip01', ''),
    ('Character1_', ''), ('HLP_', ''), ('JD_', ''), ('JU_', ''),
    ('Armature|', ''), ('Bone_', ''), ('Cf_S_', ''), ('Cf_J_', ''),
    ('Joint_', ''), ('Def_C_', ''), ('Def_', ''), ('DEF_', ''),
    ('Chr_', ''), ('B_', ''), ('G_', ''), ('C_', ''),
]
_STRIP_SUFFIXES = [
    ('_Bone', ''), ('_Bn', ''), ('_Le', '_L'), ('_Ri', '_R'), ('_', ''),
]
_REPLACEMENTS = [
    (' ', '_'), ('-', '_'), ('.', '_'), (':', '_'),
    ('____', '_'), ('___', '_'), ('__', '_'),
    ('_Le_', '_L_'), ('_Ri_', '_R_'),
    ('LEFT', 'Left'), ('RIGHT', 'Right'),
]


def _normalize_bone_name(name):
    """Normalize a bone name to a standard form for alias matching.

    Adapted from the CATS Blender Plugin normalization pipeline.
    Capitalizes segments, strips common prefixes/suffixes, normalizes
    separators so bone names from any rig converge to matchable forms.
    """
    # Capitalize first letter of each underscore-delimited segment
    parts = name.split('_')
    name = '_'.join(s[:1].upper() + s[1:] for s in parts)

    # Apply character replacements
    for old, new in _REPLACEMENTS:
        name = name.replace(old, new)

    # Strip known prefixes (repeat to handle chained prefixes like
    # ValveBiped_Bip01_ → strip ValveBiped_ → strip Bip01_)
    for _ in range(2):
        for prefix, repl in _STRIP_PREFIXES:
            if name.startswith(prefix):
                name = repl + name[len(prefix):]
                break

    # Strip known suffixes (first match only)
    for suffix, repl in _STRIP_SUFFIXES:
        if name.endswith(suffix):
            name = name[:-len(suffix)] + repl
            break

    # Remove leading digit segment (e.g. "01_Spine" → "Spine")
    parts = name.split('_')
    if len(parts) > 1 and parts[0].isdigit():
        name = parts[1]

    # Remove trailing S0, _Jnt
    if name.endswith('S0'):
        name = name[:-2]
    if name.endswith('_Jnt'):
        name = name[:-4]

    # Strip mixamorig prefix (after : → _ replacement)
    if name.startswith('Mixamorig_'):
        name = name[len('Mixamorig_'):]

    return name


# ============================================================================
# Comprehensive Bone Alias → XML2 Mapping
# ============================================================================
# Aliases are in NORMALIZED form (post-normalization).
# Uses \L / \Left templates expanded into L/R and Left/Right variants.
# Derived from CATS Blender Plugin bone tables + Unity/VRChat/MMD conventions.

def _expand_sides(template_key, aliases, xml2_l, xml2_r):
    """Expand \\L / \\Left templates into Left/Right alias entries."""
    entries = []
    for side_data in [('Left', 'L', xml2_l), ('Right', 'R', xml2_r)]:
        full, short, xml2 = side_data
        expanded_aliases = []
        for a in aliases:
            expanded_aliases.append(
                a.replace('\\Left', full).replace('\\left', full.lower())
                 .replace('\\Lf', full[:1]).replace('\\L', short).replace('\\l', short.lower()))
        entries.append((expanded_aliases, xml2))
    return entries


# Template aliases for bones with left/right sides.
# Each entry: (CATS template key, [normalized aliases with \L/\Left], xml2_L, xml2_R)
_SIDED_ALIASES = [
    # Shoulder / Clavicle
    ('\\Left_Shoulder', [
        '\\Left_Shoulder', '\\LeftShoulder', 'Shoulder_\\L', '\\LShoulder',
        '\\L_Shoulder', 'Bip_\\L_Clavicle', '\\L_Clavicle', '\\Left_Clavicle',
        '\\LCollar', '\\LeftCollar', '\\L_Collar', 'Clavicle_\\L',
        'ShoulderArm_\\L', 'Bip_Collar_\\L', 'Shol_\\L',
        'J_Bip_\\L_Shoulder', 'Bip_Clavicle_\\L', 'Clav_\\L',
        '\\LClavicle', 'Bip_\\L_Arm', 'J_\\L_Collar', 'J_\\L_Shoulder',
        'Collarbone_\\L', 'J_Clavicle_\\L', '\\L_Clav',
    ], 'Bip01 L Clavicle', 'Bip01 R Clavicle'),

    # Upper arm
    ('\\Left_Arm', [
        '\\Left_Arm', '\\LeftArm', 'Arm_\\L', '\\LArm',
        'Bip_\\L_UpperArm', 'Upper_Arm_\\L', 'UpperArm_\\L',
        '\\Left_Upper_Arm', '\\L_UpperArm', '\\LeftUpArm',
        'Uparm_\\L', '\\L_Arm', 'Arm_Upper_\\L',
        'J_Bip_\\L_UpperArm', '\\LUpperArm', '\\LShldr',
        'Bip_UpperArm_\\L', '\\L_Shldr', 'Arm_Stretch_\\L',
        'J_Shoulder_\\L', '\\L_Uparm', 'Bip_\\L_Arm1',
    ], 'Bip01 L UpperArm', 'Bip01 R UpperArm'),

    # Forearm / Elbow
    ('\\Left_Elbow', [
        '\\Left_Elbow', '\\LeftElbow', 'Elbow_\\L', '\\L_Elbow',
        'Bip_\\L_ForeArm', 'Fore_Arm_\\L', 'ForeArm_\\L',
        '\\LForeArm', '\\L_ForeArm', '\\LeftLowArm', '\\Left_Forearm',
        '\\LeftForeArm', 'Lower_Arm_\\L', 'LowerArm_\\L',
        'Arm_Lower_\\L', 'J_Bip_\\L_LowerArm', 'Bip_Forearm_\\L',
        '\\LElbow', 'Forearm_Stretch_\\L', 'J_Elbow_\\L',
        '\\L_LowerArm', '\\L_Forearm', 'Bip_\\L_Arm2',
        'Bip_LowerArm_\\L', '\\L_Hiji',
    ], 'Bip01 L Forearm', 'Bip01 R Forearm'),

    # Hand / Wrist
    ('\\Left_Wrist', [
        '\\Left_Wrist', '\\LeftWrist', 'Wrist_\\L', '\\LHand',
        'Bip_\\L_Hand', 'Hand_\\L', '\\LeftHand', '\\Left_Hand',
        '\\L_Hand', 'Palm_\\L', 'J_Bip_\\L_Hand', 'Bip_Hand_\\L',
        'J_\\L_Wrist', '\\L_Wrist', '\\LWrist', 'J_Te_\\L', 'J_Wrist_\\L',
    ], 'Bip01 L Hand', 'Bip01 R Hand'),

    # Thigh / Upper leg
    ('\\Left_Leg', [
        '\\Left_Leg', '\\Left_Foot', '\\LeftLeg', 'Leg_\\L',
        'Bip_\\L_Thigh', 'Upper_Leg_\\L', '\\LThigh', 'Thigh_\\L',
        '\\L_Thigh', '\\LeftUpLeg', '\\Left_Thigh', '\\L_Hip',
        'UpperLeg_\\L', 'J_Bip_\\L_UpperLeg', 'Bip_Thigh_\\L',
        'Bip_Hip_\\L', 'Thigh_Stretch_\\L', 'J_Hip_\\L',
        '\\LUpLeg', '\\L_UpperLeg', 'Bip_\\L_Leg', '\\L_Leg',
        '\\LeftHip', '\\L_Momo',
    ], 'Bip01 L Thigh', 'Bip01 R Thigh'),

    # Calf / Knee / Lower leg
    ('\\Left_Knee', [
        '\\Left_Knee', '\\LeftKnee', 'Knee_\\L', '\\LLeg',
        '\\LShin', 'Shin_\\L', '\\L_Calf', 'Calf_\\L',
        '\\LeftLowLeg', '\\Left_Shin', 'Lower_Leg_\\L', 'LowerLeg_\\L',
        'Bip_\\L_Calf', 'J_Bip_\\L_LowerLeg', 'Bip_Leg_\\L',
        'Leg_Stretch_\\L', 'J_Knee_\\L', '\\LCalf', '\\L_LowerLeg',
        'Bip_Knee_\\L', '\\L_Sune', 'Bip_\\L_Leg1',
    ], 'Bip01 L Calf', 'Bip01 R Calf'),

    # Foot / Ankle
    ('\\Left_Ankle', [
        '\\Left_Ankle', '\\LeftAnkle', 'Ankle_\\L', '\\L_Ankle',
        'Bip_\\L_Foot', 'Foot_\\L', '\\LFoot', '\\L_Foot',
        '\\LeftFoot', 'J_Bip_\\L_Foot', 'Bip_Foot_\\L',
        '\\LAnkle', '\\Left_Heel', 'J_Ankle_\\L',
    ], 'Bip01 L Foot', 'Bip01 R Foot'),

    # Toe
    ('\\Left_Toe', [
        '\\Left_Toe', '\\Left_Toes', '\\LeftToe', 'LegTip_\\L',
        'Bip_\\L_Toe0', 'Toe_\\L', '\\LToe', '\\L_Toe',
        '\\LeftToeBase', 'Toes_\\L', 'J_Bip_\\L_ToeBase',
        'Bip_Toe_\\L', 'J_Ball_\\L', '\\LToeBase', '\\LToe0',
        '\\L_Toes', '\\L_Toe0', 'ToeTip_\\L',
    ], 'Bip01 L Toe0', 'Bip01 R Toe0'),

    # Thumb (proximal → Finger0, intermediate → Finger01)
    ('Thumb0_\\L', [
        'Thumb0_\\L', 'Thumb_0_\\L', '\\LThumb1', 'Thumb1_\\L',
        'Finger0_\\L', 'Bip_\\L_Finger0', 'J_Bip_\\L_Thumb1',
        'ThumbFinger1_\\L', 'Thumb_Proximal_\\L', 'Thumb_A_\\L',
        '\\LFingerThumb1',
    ], 'Bip01 L Finger0', 'Bip01 R Finger0'),
    ('Thumb1_\\L', [
        'Thumb1_\\L', 'Thumb_1_\\L', '\\LThumb2', 'Thumb2_\\L',
        'Finger01_\\L', 'Bip_\\L_Finger01', 'J_Bip_\\L_Thumb2',
        'ThumbFinger2_\\L', 'Thumb_Intermediate_\\L', 'Thumb_B_\\L',
        '\\LFingerThumb2',
    ], 'Bip01 L Finger01', 'Bip01 R Finger01'),

    # Middle finger (proximal → Finger1, intermediate → Finger11)
    ('MiddleFinger1_\\L', [
        'MiddleFinger1_\\L', 'Middle1_\\L', 'Middle_Proximal_\\L',
        'Bip_\\L_Finger1', 'J_Bip_\\L_Middle1', 'MiddleFinger_A_\\L',
        '\\LFingerMiddle1', 'Mid1_\\L',
    ], 'Bip01 L Finger1', 'Bip01 R Finger1'),
    ('MiddleFinger2_\\L', [
        'MiddleFinger2_\\L', 'Middle2_\\L', 'Middle_Intermediate_\\L',
        'Bip_\\L_Finger11', 'J_Bip_\\L_Middle2', 'MiddleFinger_B_\\L',
        '\\LFingerMiddle2', 'Mid2_\\L',
    ], 'Bip01 L Finger11', 'Bip01 R Finger11'),
]

# Center (non-sided) aliases → XML2
_CENTER_ALIASES = {
    # Hips / Pelvis
    'Bip01 Pelvis': [
        'Hips', 'LowerBody', 'Lower_Body', 'Pelvis', 'Bip_Pelvis',
        'Hip', 'Waist', 'Root', 'J_Bip_C_Hips', 'Root_X',
        'HipN', 'J_Kosi', 'Kosi', 'J_Hip',
    ],
    # Spine
    'Bip01 Spine': [
        'Spine', 'UpperBody', 'Upper_Body', 'Bip_Spine',
        'Spine_Lower', 'Abdomen', 'Spine0', 'SpineA', 'SpA',
        'J_Bip_C_Spine', 'BODY1', 'WaistN', 'Torso_1',
    ],
    # Chest (Spine1)
    'Bip01 Spine1': [
        'Chest', 'Bip_Spine1', 'Bip_Chest', 'Spine_Upper',
        'Spine1', 'SpineB', 'SpB', 'J_Bip_C_Chest', 'BODY2',
        'BustN', 'Bust', 'Ribs', 'Torso_2', 'ChestLower',
    ],
    # Upper Chest (Spine2)
    'Bip01 Spine2': [
        'Upper_Chest', 'UpperChest', 'Bip_Spine2',
        'Spine2', 'SpineC', 'SpC', 'J_Bip_C_UpperChest',
        'Chest_Def', 'SpineTop',
    ],
    # Neck
    'Bip01 Neck': [
        'Neck', 'Bip_Neck', 'Bip_Neck1', 'Head_Neck_Lower',
        'Head_Neck', 'J_Bip_C_Neck', 'NECK', 'NeckN', 'Kubi',
        'J_Kubi', 'NeckLower', 'Neck_X',
    ],
    # Head
    'Bip01 Head': [
        'Head', 'Bip_Head', 'Bip_Head1', 'J_Bip_C_Head',
        'HEAD', 'HeadN', 'Head_01', 'J_Head', 'Head_X', 'J_Kao',
    ],
}

# Build the flat lookup: normalized_alias (lowercase) → XML2 name
ALIAS_TO_XML2 = {}

# Add center aliases
for xml2_name, aliases in _CENTER_ALIASES.items():
    for alias in aliases:
        ALIAS_TO_XML2[alias.lower()] = xml2_name

# Add sided aliases (expand \L/\Left templates)
for _, aliases, xml2_l, xml2_r in _SIDED_ALIASES:
    for entry_list in _expand_sides(_, aliases, xml2_l, xml2_r):
        expanded_aliases, xml2_name = entry_list
        for alias in expanded_aliases:
            ALIAS_TO_XML2[alias.lower()] = xml2_name

# ---- Unity Humanoid camelCase names (not covered by CATS templates) ----
_UNITY_DIRECT = {
    # Spine
    'upperchest': 'Bip01 Spine2',
    # Arms
    'leftshoulder': 'Bip01 L Clavicle', 'rightshoulder': 'Bip01 R Clavicle',
    'leftupperarm': 'Bip01 L UpperArm', 'rightupperarm': 'Bip01 R UpperArm',
    'leftlowerarm': 'Bip01 L Forearm', 'rightlowerarm': 'Bip01 R Forearm',
    'leftforearm': 'Bip01 L Forearm', 'rightforearm': 'Bip01 R Forearm',
    'lefthand': 'Bip01 L Hand', 'righthand': 'Bip01 R Hand',
    # Legs
    'leftupperleg': 'Bip01 L Thigh', 'rightupperleg': 'Bip01 R Thigh',
    'leftlowerleg': 'Bip01 L Calf', 'rightlowerleg': 'Bip01 R Calf',
    'leftfoot': 'Bip01 L Foot', 'rightfoot': 'Bip01 R Foot',
    'lefttoes': 'Bip01 L Toe0', 'righttoes': 'Bip01 R Toe0',
    'lefttoebase': 'Bip01 L Toe0', 'righttoebase': 'Bip01 R Toe0',
    'lefttoe': 'Bip01 L Toe0', 'righttoe': 'Bip01 R Toe0',
    # Fingers (thumb → Finger0/01, middle → Finger1/11)
    'leftthumbproximal': 'Bip01 L Finger0',
    'rightthumbproximal': 'Bip01 R Finger0',
    'leftthumbintermediate': 'Bip01 L Finger01',
    'rightthumbintermediate': 'Bip01 R Finger01',
    'leftmiddleproximal': 'Bip01 L Finger1',
    'rightmiddleproximal': 'Bip01 R Finger1',
    'leftmiddleintermediate': 'Bip01 L Finger11',
    'rightmiddleintermediate': 'Bip01 R Finger11',
}
for _k, _v in _UNITY_DIRECT.items():
    ALIAS_TO_XML2.setdefault(_k, _v)

# Also add underscore variants (left_upper_arm, etc.)
for _k, _v in list(_UNITY_DIRECT.items()):
    # Insert underscores before uppercase letters
    import re
    _under = re.sub(r'([a-z])([A-Z])', r'\1_\2', _k).lower()
    ALIAS_TO_XML2.setdefault(_under, _v)

# ---- Legacy compat: keep UNITY_TO_XML2 as an alias for the new mapping ----
UNITY_TO_XML2 = ALIAS_TO_XML2

# ============================================================================
# FX Bone Aliases (MUA effect attachment bones)
# ============================================================================
# Aliases for common modder naming variations → standard MUA FX bone names.
# Stored in separate dict (not ALIAS_TO_XML2) since FX bones only exist in MUA.
ALIAS_TO_MUA_FX = {}
_FX_ALIAS_TABLE = {
    'Gun1':  ['gun1', 'gun_1', 'gun01', 'weapon_r', 'weapon_right'],
    'fx01':  ['fx1', 'fx_01', 'fx_1', 'effect01', 'effect1'],
    'fx02':  ['fx2', 'fx_02', 'fx_2', 'effect02', 'effect2'],
    'fx03':  ['fx3', 'fx_03', 'fx_3', 'effect03', 'effect3'],
    'fx04':  ['fx4', 'fx_04', 'fx_4', 'effect04', 'effect4'],
    'fx05':  ['fx5', 'fx_05', 'fx_5', 'effect05', 'effect5'],
    'fx06':  ['fx6', 'fx_06', 'fx_6', 'effect06', 'effect6'],
    'fx07':  ['fx7', 'fx_07', 'fx_7', 'effect07', 'effect7'],
    'fx08':  ['fx8', 'fx_08', 'fx_8', 'effect08', 'effect8'],
    'fx09':  ['fx9', 'fx_09', 'fx_9', 'effect09', 'effect9'],
    'fx10':  ['fx_10', 'effect10'],
    'fx11':  ['fx_11', 'effect11'],
    'fx12':  ['fx_12', 'effect12'],
    'fx13':  ['fx_13', 'effect13'],
}
for _fx_std, _fx_aliases in _FX_ALIAS_TABLE.items():
    # Map the standard name itself
    ALIAS_TO_MUA_FX[_fx_std.lower()] = _fx_std
    for _alias in _fx_aliases:
        ALIAS_TO_MUA_FX[_alias.lower()] = _fx_std


# ============================================================================
# Merge Weight Targets (bones that merge into XML2 targets)
# ============================================================================
MERGE_WEIGHT_TARGETS = {}

_MERGE_SIDED = [
    # Thumb distal → Finger01
    ('Thumb2_\\L', [
        'Thumb2_\\L', 'Thumb_2_\\L', '\\LThumb3', 'Thumb3_\\L',
        'Thumb_Distal_\\L', 'ThumbFinger3_\\L', 'Thumb_C_\\L',
        'J_Bip_\\L_Thumb3', 'Bip_\\L_Finger02',
    ], 'Bip01 L Finger01', 'Bip01 R Finger01'),

    # Index finger (proximal/intermediate/distal) → Finger1 / Finger11
    ('IndexFinger1_\\L', [
        'IndexFinger1_\\L', 'Index1_\\L', 'Fore1_\\L',
        'Index_Proximal_\\L', 'J_Bip_\\L_Index1',
        'Bip_\\L_Finger1', '\\LFingerIndex1',
    ], 'Bip01 L Finger1', 'Bip01 R Finger1'),
    ('IndexFinger2_\\L', [
        'IndexFinger2_\\L', 'IndexFinger3_\\L',
        'Index2_\\L', 'Index3_\\L', 'Fore2_\\L', 'Fore3_\\L',
        'Index_Intermediate_\\L', 'Index_Distal_\\L',
        'J_Bip_\\L_Index2', 'J_Bip_\\L_Index3',
    ], 'Bip01 L Finger11', 'Bip01 R Finger11'),

    # Ring finger → Finger1 / Finger11
    ('RingFinger1_\\L', [
        'RingFinger1_\\L', 'Third1_\\L', 'Ring1_\\L',
        'Ring_Proximal_\\L', 'J_Bip_\\L_Ring1',
    ], 'Bip01 L Finger1', 'Bip01 R Finger1'),
    ('RingFinger2_\\L', [
        'RingFinger2_\\L', 'RingFinger3_\\L',
        'Third2_\\L', 'Third3_\\L', 'Ring2_\\L', 'Ring3_\\L',
        'Ring_Intermediate_\\L', 'Ring_Distal_\\L',
    ], 'Bip01 L Finger11', 'Bip01 R Finger11'),

    # Little finger → Finger1 / Finger11
    ('LittleFinger1_\\L', [
        'LittleFinger1_\\L', 'Little1_\\L', 'Pinky1_\\L',
        'Little_Proximal_\\L', 'J_Bip_\\L_Little1',
    ], 'Bip01 L Finger1', 'Bip01 R Finger1'),
    ('LittleFinger2_\\L', [
        'LittleFinger2_\\L', 'LittleFinger3_\\L',
        'Little2_\\L', 'Little3_\\L', 'Pinky2_\\L', 'Pinky3_\\L',
        'Little_Intermediate_\\L', 'Little_Distal_\\L',
    ], 'Bip01 L Finger11', 'Bip01 R Finger11'),

    # Middle finger distal → Finger11
    ('MiddleFinger3_\\L', [
        'MiddleFinger3_\\L', 'Middle3_\\L', 'Mid3_\\L',
        'Middle_Distal_\\L', 'J_Bip_\\L_Middle3',
    ], 'Bip01 L Finger11', 'Bip01 R Finger11'),
]

# Expand sided merge targets
for _, aliases, xml2_l, xml2_r in _MERGE_SIDED:
    for entry_list in _expand_sides(_, aliases, xml2_l, xml2_r):
        expanded_aliases, xml2_name = entry_list
        for alias in expanded_aliases:
            MERGE_WEIGHT_TARGETS[alias.lower()] = xml2_name

# Non-sided merge targets
for alias in ['LeftEye', 'Left_Eye', 'RightEye', 'Right_Eye',
              'Eye_L', 'Eye_R', 'Jaw', 'jaw']:
    MERGE_WEIGHT_TARGETS[alias.lower()] = 'Bip01 Head'

# Unity Humanoid camelCase merge targets
_UNITY_MERGE_DIRECT = {
    'leftthumbdistal': 'Bip01 L Finger01',
    'rightthumbdistal': 'Bip01 R Finger01',
    'leftindexproximal': 'Bip01 L Finger1',
    'rightindexproximal': 'Bip01 R Finger1',
    'leftindexintermediate': 'Bip01 L Finger11',
    'rightindexintermediate': 'Bip01 R Finger11',
    'leftindexdistal': 'Bip01 L Finger11',
    'rightindexdistal': 'Bip01 R Finger11',
    'leftmiddledistal': 'Bip01 L Finger11',
    'rightmiddledistal': 'Bip01 R Finger11',
    'leftringproximal': 'Bip01 L Finger1',
    'rightringproximal': 'Bip01 R Finger1',
    'leftringintermediate': 'Bip01 L Finger11',
    'rightringintermediate': 'Bip01 R Finger11',
    'leftringdistal': 'Bip01 L Finger11',
    'rightringdistal': 'Bip01 R Finger11',
    'leftlittleproximal': 'Bip01 L Finger1',
    'rightlittleproximal': 'Bip01 R Finger1',
    'leftlittleintermediate': 'Bip01 L Finger11',
    'rightlittleintermediate': 'Bip01 R Finger11',
    'leftlittledistal': 'Bip01 L Finger11',
    'rightlittledistal': 'Bip01 R Finger11',
}
for _k, _v in _UNITY_MERGE_DIRECT.items():
    MERGE_WEIGHT_TARGETS.setdefault(_k, _v)

# Mixamo prefix (kept for legacy detection)
MIXAMO_PREFIX = "mixamorig:"

# ============================================================================
# Native XML2 Bone Rotations (extracted from 0601.igb)
# ============================================================================
# Quaternions (w, x, y, z) in ALCHEMY convention (conjugate of Blender).
# These represent each deforming bone's world-space orientation in the native
# XML2 Biped skeleton.  Game animations are authored against these, so
# converted rigs MUST use them in inv_joint_matrices — but use the CUSTOM
# model's bone positions so the skeleton matches the mesh proportions.
#
# CRITICAL: These are Alchemy convention.  Must conjugate before passing
# to Blender's Quaternion.to_matrix() to get the correct rotation.
NATIVE_BONE_ROTATIONS = {
    "Bip01 Pelvis":     ( 0.500001,  0.499999,  0.500000,  0.499999),
    "Bip01 Spine":      ( 0.494167,  0.494167,  0.505766,  0.505766),
    "Bip01 Spine1":     ( 0.483543,  0.483543,  0.515932,  0.515932),
    "Bip01 Spine2":     ( 0.483543,  0.483543,  0.515932,  0.515932),
    "Bip01 Neck":       ( 0.546961,  0.546962,  0.448144,  0.448144),
    "Bip01 Head":       ( 0.499999,  0.500000,  0.500000,  0.500001),
    "Bip01 Ponytail1":  ( 0.435534,  0.435537, -0.557052, -0.557055),
    "Bip01 Ponytail11": ( 0.505759,  0.505761, -0.494172, -0.494174),
    "Bip01 L Clavicle": ( 0.681713,  0.039113,  0.008246, -0.730527),
    "Bip01 L UpperArm": ( 0.688073, -0.006872,  0.006476, -0.725580),
    "Bip01 L Forearm":  ( 0.704559, -0.007019,  0.006316, -0.709582),
    "Bip01 L Hand":     ( 0.503358,  0.493035,  0.506019, -0.497485),
    "Bip01 L Finger0":  ( 0.870648,  0.015735, -0.020128, -0.491242),
    "Bip01 L Finger01": ( 0.675922,  0.008735, -0.024009, -0.736531),
    "Bip01 L Finger1":  ( 0.493886,  0.502507,  0.497015, -0.506498),
    "Bip01 L Finger11": ( 0.493886,  0.502507,  0.497015, -0.506498),
    "Bip01 R Clavicle": ( 0.039113,  0.681714, -0.730526,  0.008246),
    "Bip01 R UpperArm": ( 0.006872, -0.688074,  0.725579, -0.006476),
    "Bip01 R Forearm":  ( 0.007019, -0.704561,  0.709581, -0.006316),
    "Bip01 R Hand":     ( 0.493036,  0.503359, -0.497484,  0.506018),
    "Bip01 R Finger0":  ( 0.015735,  0.870649, -0.491241, -0.020128),
    "Bip01 R Finger01": ( 0.008735,  0.675923, -0.736529, -0.024009),
    "Bip01 R Finger1":  ( 0.502508,  0.493887, -0.506497,  0.497014),
    "Bip01 R Finger11": ( 0.502508,  0.493887, -0.506497,  0.497014),
    "Bip01 L Thigh":    ( 0.527514, -0.477845, -0.594117,  0.374726),
    "Bip01 L Calf":     ( 0.494748, -0.427121, -0.631568,  0.417031),
    "Bip01 L Foot":     ( 0.574484, -0.412272, -0.574484,  0.412272),
    "Bip01 L Toe0":     ( 0.697742, -0.697742, -0.114702, -0.114702),
    "Bip01 R Thigh":    ( 0.477846, -0.527513, -0.374727,  0.594116),
    "Bip01 R Calf":     ( 0.427122, -0.494747, -0.417032,  0.631567),
    "Bip01 R Foot":     ( 0.412273, -0.574483, -0.412273,  0.574483),
    "Bip01 R Toe0":     ( 0.697742, -0.697742,  0.114700,  0.114700),
}

# ============================================================================
# Native XML2 Inverse Joint Matrices (extracted from 0601.igb) — reference
# ============================================================================
# Kept for reference/debugging. These are the exact values from 0601.igb.
# The converter computes custom inv_joint_matrices from native rotations +
# custom bone positions instead of using these directly.
NATIVE_INV_JOINT_MATRICES = {
    "Bip01 Pelvis": [0.00000000, 1.00000000, -0.00000339, 0.00000000, -0.00000139, 0.00000339, 1.00000000, 0.00000000, 1.00000000, -0.00000000, 0.00000139, 0.00000000, -41.81953049, -0.68984902, -0.00005566, 1.00000000],
    "Bip01 Spine": [-0.02319670, 0.99973089, 0.00000077, 0.00000000, -0.00000009, -0.00000078, 0.99999994, 0.00000000, 0.99973089, 0.02319670, 0.00000011, 0.00000000, -42.10088348, -1.82178116, -0.00000367, 1.00000000],
    "Bip01 Spine1": [-0.06474347, 0.99790192, 0.00000077, 0.00000000, -0.00000017, -0.00000078, 1.00000000, 0.00000000, 0.99790192, 0.06474347, 0.00000022, 0.00000000, -45.47655869, -3.71112752, -0.00000891, 1.00000000],
    "Bip01 Spine2": [-0.06474347, 0.99790192, 0.00000077, 0.00000000, -0.00000017, -0.00000078, 1.00000000, 0.00000000, 0.99790192, 0.06474347, 0.00000022, 0.00000000, -51.36871719, -3.70284390, -0.00000889, 1.00000000],
    "Bip01 Neck": [0.19666788, 0.98047018, 0.00000072, 0.00000000, 0.00000035, -0.00000080, 0.99999994, 0.00000000, 0.98047018, -0.19666788, -0.00000050, 0.00000000, -60.61355972, 12.47044086, 0.00003597, 1.00000000],
    "Bip01 Head": [-0.00000139, 1.00000000, 0.00000077, 0.00000000, -0.00000004, -0.00000077, 1.00000000, 0.00000000, 1.00000000, 0.00000139, 0.00000004, 0.00000000, -64.28015137, -0.17490363, 0.00000089, 1.00000000],
    "Bip01 Ponytail1": [-0.24123503, -0.97046673, -0.00000469, 0.00000000, -0.00000044, -0.00000473, 1.00000000, 0.00000000, -0.97046673, 0.24123503, 0.00000071, 0.00000000, 63.14309311, -18.90842247, -0.00005206, 1.00000000],
    "Bip01 Ponytail11": [0.02317266, -0.99973148, -0.00000477, 0.00000000, 0.00000009, -0.00000477, 1.00000000, 0.00000000, -0.99973148, -0.02317266, -0.00000002, 0.00000000, 56.71431351, -4.09063768, -0.00001097, 1.00000000],
    "Bip01 L Clavicle": [-0.06747600, -0.99537432, -0.06838905, 0.00000000, 0.99666429, -0.07039971, 0.04128037, 0.00000000, -0.04590398, -0.06537550, 0.99680436, 0.00000000, 2.44098711, 4.26298046, -59.22934723, 1.00000000],
    "Bip01 L UpperArm": [-0.05301731, -0.99859303, 0.00106044, 0.00000000, 0.99841511, -0.05302788, -0.01885467, 0.00000000, 0.01888438, 0.00005913, 0.99982166, 0.00000000, -7.28284168, 0.28444195, -59.03387833, 1.00000000],
    "Bip01 L Forearm": [-0.00709340, -0.99997425, 0.00106044, 0.00000000, 0.99979705, -0.00711213, -0.01885467, 0.00000000, 0.01886173, 0.00092648, 0.99982160, 0.00000000, -17.51569366, -0.52064860, -59.03387451, 1.00000000],
    "Bip01 L Hand": [-0.00709340, -0.00185669, -0.99997306, 0.00000000, 0.99979705, 0.01884900, -0.00712714, 0.00000000, 0.01886173, -0.99982053, 0.00172261, 0.00000000, -26.03530884, 59.03343964, -0.56765550, 1.00000000],
    "Bip01 L Finger0": [0.51655138, -0.85603207, 0.01958970, 0.00000000, 0.85476512, 0.51686633, 0.04717601, 0.00000000, -0.05050867, -0.00762430, 0.99869418, 0.00000000, -20.10997581, -11.68594742, -59.72957230, 1.00000000],
    "Bip01 L Finger01": [-0.08610736, -0.99609321, 0.01958970, 0.00000000, 0.99525416, -0.08510716, 0.04717601, 0.00000000, -0.04532391, 0.02355844, 0.99869412, 0.00000000, -24.77327156, 3.57737637, -59.72956467, 1.00000000],
    "Bip01 L Finger1": [-0.00712774, -0.00079757, -0.99997425, 0.00000000, 0.99981070, -0.01810670, -0.00711213, 0.00000000, -0.01810056, -0.99983561, 0.00092648, 0.00000000, -27.42947769, 60.08722687, -0.18117857, 1.00000000],
    "Bip01 L Finger11": [-0.00712774, -0.00079757, -0.99997425, 0.00000000, 0.99981070, -0.01810670, -0.00711213, 0.00000000, -0.01810056, -0.99983561, 0.00092648, 0.00000000, -29.26063347, 60.08722687, -0.18117855, 1.00000000],
    "Bip01 R Clavicle": [-0.06747202, -0.99537456, 0.06838889, 0.00000000, -0.99666458, 0.07039573, 0.04128073, 0.00000000, -0.04590407, -0.06537549, -0.99680430, 0.00000000, 2.44098473, 4.26298046, 59.22934341, 1.00000000],
    "Bip01 R UpperArm": [-0.05301315, -0.99859321, -0.00106036, 0.00000000, -0.99841529, 0.05302371, -0.01885459, 0.00000000, 0.01888429, 0.00005914, -0.99982160, 0.00000000, -7.28284407, 0.28444102, 59.03387451, 1.00000000],
    "Bip01 R Forearm": [-0.00708922, -0.99997431, -0.00106036, 0.00000000, -0.99979711, 0.00710796, -0.01885459, 0.00000000, 0.01886164, 0.00092648, -0.99982160, 0.00000000, -17.51569748, -0.52064961, 59.03387451, 1.00000000],
    "Bip01 R Hand": [-0.00708922, -0.00185661, 0.99997312, 0.00000000, -0.99979711, -0.01884892, -0.00712297, 0.00000000, 0.01886164, -0.99982053, -0.00172261, 0.00000000, -26.03531075, 59.03344345, 0.56765658, 1.00000000],
    "Bip01 R Finger0": [0.51655495, -0.85602993, -0.01958990, 0.00000000, -0.85476297, -0.51686996, 0.04717602, 0.00000000, -0.05050875, -0.00762435, -0.99869412, 0.00000000, -20.10997772, -11.68595028, 59.72956848, 1.00000000],
    "Bip01 R Finger01": [-0.08610324, -0.99609357, -0.01958990, 0.00000000, -0.99525458, 0.08510298, 0.04717602, 0.00000000, -0.04532399, 0.02355844, -0.99869412, 0.00000000, -24.77327538, 3.57737494, 59.72956848, 1.00000000],
    "Bip01 R Finger1": [-0.00712357, -0.00079764, 0.99997431, 0.00000000, -0.99981076, 0.01810678, -0.00710796, 0.00000000, -0.01810064, -0.99983561, -0.00092648, 0.00000000, -27.42948151, 60.08723068, 0.18117964, 1.00000000],
    "Bip01 R Finger11": [-0.00712357, -0.00079764, 0.99997431, 0.00000000, -0.99981076, 0.01810678, -0.00710796, 0.00000000, -0.01810064, -0.99983561, -0.00092648, 0.00000000, -29.26063538, 60.08722687, 0.18117964, 1.00000000],
    "Bip01 L Thigh": [0.01321209, 0.96313661, 0.26868817, 0.00000000, 0.17244528, 0.26249057, -0.94940054, 0.00000000, -0.98493052, 0.05887756, -0.16262026, 0.00000000, 40.60599899, -4.00070333, 9.77672863, 1.00000000],
    "Bip01 L Calf": [-0.14558448, 0.95216161, 0.26868808, 0.00000000, 0.12686184, 0.28730601, -0.94940054, 0.00000000, -0.98117846, -0.10413171, -0.16262028, 0.00000000, 22.17516518, -0.35356724, 9.77672958, 1.00000000],
    "Bip01 L Foot": [0.00000002, 0.94737417, 0.32012862, 0.00000000, 0.00000005, 0.32012862, -0.94737411, 0.00000000, -1.00000000, 0.00000003, -0.00000004, 0.00000000, 5.25708008, -1.20160520, 8.99331665, 1.00000000],
    "Bip01 L Toe0": [0.94737417, -0.00000002, 0.32012862, 0.00000000, 0.32012862, -0.00000005, -0.94737411, 0.00000000, 0.00000003, 1.00000000, -0.00000004, 0.00000000, -6.83172464, -0.06356285, 8.99331665, 1.00000000],
    "Bip01 R Thigh": [0.01321281, 0.96313775, -0.26868421, 0.00000000, -0.17244513, -0.26248658, -0.94940174, 0.00000000, -0.98493057, 0.05887754, 0.16262017, 0.00000000, 40.60599899, -4.00070381, -9.77673244, 1.00000000],
    "Bip01 R Calf": [-0.14558396, 0.95216280, -0.26868418, 0.00000000, -0.12686238, -0.28730205, -0.94940174, 0.00000000, -0.98117846, -0.10413173, 0.16262020, 0.00000000, 22.17516518, -0.35356766, -9.77673244, 1.00000000],
    "Bip01 R Foot": [0.00000002, 0.94737542, -0.32012478, 0.00000000, 0.00000004, -0.32012478, -0.94737536, 0.00000000, -1.00000000, 0.00000000, -0.00000005, 0.00000000, 5.25708008, -1.20160663, -8.99331856, 1.00000000],
    "Bip01 R Toe0": [0.94737542, -0.00000002, -0.32012478, 0.00000000, -0.32012478, -0.00000004, -0.94737536, 0.00000000, 0.00000000, 1.00000000, -0.00000005, 0.00000000, -6.83172512, -0.06356285, -8.99331951, 1.00000000],
}

# ============================================================================
# Native XML2 Bone Translations (extracted from 0601.igb)
# ============================================================================
# Each entry is [x, y, z] indexed by bone index (0-34).  These are the exact
# parent-local offsets the game FK engine uses to reconstruct bone positions.
NATIVE_TRANSLATIONS = {
    0: [0.00000000, 0.00000000, 0.00000000],
    1: [0.68984902, 0.00000000, 41.81953049],
    2: [0.00000000, -0.00000000, 0.00000000],
    3: [0.31228638, 0.15484005, -0.00000162],
    4: [3.49065018, -0.00468764, -0.00000001],
    5: [5.89215851, -0.00828373, -0.00000002],
    6: [10.40359020, -0.00188103, -0.00000001],
    7: [2.44559216, 0.00000006, 0.00000000],
    8: [1.55949831, -3.29247999, -0.00000813],
    9: [9.51408577, -0.00931360, -0.00000003],
    10: [-2.27314448, 1.13265991, 0.31228313],
    11: [5.88065577, 0.00000033, -0.00000215],
    12: [10.23828030, 0.00000001, -0.00000022],
    13: [8.51961517, -0.00000005, -0.00000050],
    14: [1.09982407, 0.98525184, -2.20674801],
    15: [2.02486897, -0.00000018, -0.00000271],
    16: [3.59602070, 0.00110330, -0.33947095],
    17: [1.83115566, 0.00000141, -0.00000002],
    18: [-2.27314448, 1.13266170, -0.31227681],
    19: [5.88065577, 0.00000023, 0.00000099],
    20: [10.23827934, -0.00000002, -0.00000131],
    21: [8.51961327, 0.00000002, -0.00000147],
    22: [1.09982443, 0.98525357, 2.20674801],
    23: [2.02486849, 0.00000024, -0.00000041],
    24: [3.59602070, 0.00110484, 0.33947095],
    25: [1.83115411, 0.00000253, 0.00000000],
    26: [-0.30860963, -0.16205171, 3.32986927],
    27: [18.79184341, 0.00000009, -0.00000031],
    28: [18.40011024, 0.00000015, 0.00000021],
    29: [5.19351721, 5.63011932, -0.00000014],
    30: [-0.30860934, -0.16203320, -3.32987022],
    31: [18.79184151, 0.00000005, -0.00000035],
    32: [18.40011024, 0.00000021, 0.00000033],
    33: [5.19351721, 5.63011837, 0.00000071],
    34: [0.68984902, 0.00000000, 0.14953232],
}


# ============================================================================
# Bip Prefix Normalization
# ============================================================================

def _rename_bip_prefix(armature_obj, old_prefix, new_prefix):
    """Rename all bones from one Bip prefix to another (e.g. Bip001 → Bip01).

    Also updates vertex group names on child meshes so skinning stays intact.
    """
    import bpy

    # Build rename map: only rename bones that start with old_prefix
    rename_map = {}
    for bone in armature_obj.data.bones:
        if bone.name.startswith(old_prefix):
            new_name = new_prefix + bone.name[len(old_prefix):]
            rename_map[bone.name] = new_name

    if not rename_map:
        return

    # Rename bones in edit mode
    bpy.context.view_layer.objects.active = armature_obj
    armature_obj.select_set(True)
    bpy.ops.object.mode_set(mode='EDIT')
    for old_name, new_name in rename_map.items():
        eb = armature_obj.data.edit_bones.get(old_name)
        if eb:
            eb.name = new_name
    bpy.ops.object.mode_set(mode='OBJECT')

    # Rename vertex groups on child meshes to match
    for child in armature_obj.children:
        if child.type != 'MESH':
            continue
        for vg in child.vertex_groups:
            if vg.name in rename_map:
                vg.name = rename_map[vg.name]


# ============================================================================
# Profile Detection
# ============================================================================

def _detect_bip_prefix(armature_obj):
    """Detect which Bip prefix the rig uses (Bip01, Bip001, etc.).

    Returns:
        The prefix string (e.g. "Bip01", "Bip001") or None if not a Biped rig.
    """
    bone_names = [b.name for b in armature_obj.data.bones]
    # Count bones by prefix — check common 3ds Max Biped variants
    for prefix in ("Bip01", "Bip001", "Bip002"):
        count = sum(1 for n in bone_names if n.startswith(prefix))
        if count >= 3:
            return prefix
    return None


def is_bip01_rig(armature_obj):
    """Check if an armature is a Bip01-style rig (already XML2 naming or variant).

    Detects rigs that use Bip01, Bip001, or similar 3ds Max Biped naming
    and should go through the setup path (not the convert path).

    Returns:
        True if the rig has Biped-style bones.
    """
    return _detect_bip_prefix(armature_obj) is not None


def detect_rig_profile(armature_obj):
    """Detect the source rig naming convention.

    Uses universal normalization to detect ANY supported rig type:
    - Bip01/Bip001 (already XML2/3dsMax naming → 'bip01')
    - Mixamo, Unity Humanoid, VRChat, Source Engine, MMD, etc. → 'universal'

    Args:
        armature_obj: Blender armature object.

    Returns:
        'bip01', 'universal', or None (unknown).
    """
    # Check for Bip01/Bip001 rig (already Biped naming)
    if is_bip01_rig(armature_obj):
        return 'bip01'

    # Universal detection: try normalizing each bone and looking up
    matched = 0
    for bone in armature_obj.data.bones:
        if _lookup_bone(bone.name) is not None:
            matched += 1
            if matched >= 3:
                return 'universal'

    return None


# ============================================================================
# Bone Rename Map Builder
# ============================================================================

def _lookup_bone(name, target_game='XML2'):
    """Try to match a bone name to a target skeleton bone using normalization.

    Tries: exact match → lowercase match → normalized match.
    When target_game='MUA', also checks FX bone aliases.
    Returns target bone name or None.
    """
    low = name.lower()

    # 1. Check MUA FX aliases first (if targeting MUA)
    if target_game == 'MUA':
        fx = ALIAS_TO_MUA_FX.get(low)
        if fx:
            return fx

    # 2. Exact lowercase match (handles Unity/VRChat names directly)
    xml2 = ALIAS_TO_XML2.get(low)
    if xml2:
        return xml2

    # 3. Normalize and try again (handles Bip001_, ValveBiped_, etc.)
    normalized = _normalize_bone_name(name)
    norm_low = normalized.lower()

    if target_game == 'MUA':
        fx = ALIAS_TO_MUA_FX.get(norm_low)
        if fx:
            return fx

    xml2 = ALIAS_TO_XML2.get(norm_low)
    if xml2:
        return xml2

